flag,start,finish,intermediate nodes
R,100102,100204,100115,100116,100123,100121,100114,100144,100139,100137,100140,100166,100154,100155,100200,100201,100215,100435,100434
R,100374,100323,100375,100324
P,100091,100379,100089,100378
P,100279,100394,100392,100290,100390
P,100267,100409,100410,100278
P,100323,100324,100376,100085,100377,100086,100084,100378
P,100359,100361,100358,100304,100305,100303,100318,100352,100353,100349,100348,100320
P,100366,100148,100150,100149,100151,100153,100190,100183,100197,100436,100187,100209,100439,100440,100186,100437,100434,100204
P,100191,100441,100442,100443,100196
P,100196,100443,100444,100445,100446,100195
P,100185,100440,100186,100437,100434,100204
P,100163,100164,100178,100206,100181,100398,100198,100405,100199,100189,100406,100213,100203
R,100282,100286,100360
P,100334,100342,100343,100332,100331,100327,100326,100329,100330
P,100344,100345,100346,100347,100330
P,100330,100320,100349,100349,100350,100319,100355
P,100353,100352,100318,100303,100305,100304,100358,
P,100358,100361,100359,100360,100286,100259
P,100012,100010,100009,100008,100004,100003,100006,100007,100005,100002,100040,100001,100000,100028,100029,100032,100035,100039,100034,100031,100027
P,100011,100010,100009,100008,100004,100003,100006,100007,100005,100002,100040,100001,100000,100028,100029,100032,100035,100039,100034,100031,100027
P,100382,100038,100041,100042,100043,100044,100045,100046,100047,100048,,,
P,100048,100101,100100,101000,100099,100098,100096,100095,100097,100092,100094,100093,100091
P,100090,100088,100087,100086,100377,100085,100376,100324,100323,100321,100322,100314,100313,100311,100372,100371,,,
P,100090,100088,100087,100086,100377,100085,100376,100375,100374,100325,100315,100316,100312,100302,100309,100373,100372,100371,
P,100371,100310,100308,100317,100800,100306,100355,100319,100350,100349,100348
P,100320,100330,100329,100326,100327,100331,100332,100343,100342,,
P,100383,100288,100391,100392,100394,100393,100280,100252,100253,100404,100401,100402,100403,100203,,,,,,,
P,100371,100310,100308,100317,100800,100306,100355,100319,100350,100349,100348,100320,100330,100329,100326,100327,100331,100332,100343,100342,100334
P,100324,100323,100321,100322,100314,100313,100311,100372,100371,100310,100308,100317,100800,100306,100355,100319,100350,100349,100348,100320
P,100378,100084,100081,100078,100281,100383,100288,100391,,,,,,,,,,,,
R,100090,100348,100088,100087,100086,100377,100085,100376,100324,100323,100321,100322,100314,100313,100311,100372,100371,100310,100308,100317,100800,100306,100355,100319,100350,100349
R,100091,100348,100379,100090,100088,100087,100086,100377,100085,100376,100324,100323,100321,100322,100314,100313,100311,100372,100371,100310,100308,100317,100800,100306,100355,100319,100350,100349
R,100088,100348,100087,100086,100377,100085,100376,100324,100323,100321,100322,100314,100313,100311,100372,100371,100310,100308,100317,100800,100306,100355,100319,100350,100349
R,100378,100377,100084,100086
R,100447,100038,100380,100381,100382
R,100203,100378,100403,100402,100404,100253,100252,100280,100393,100394,100392,100391,100288,100383,100281,100078,100081,100084
R,100199,100218,100405,100397
P,100422,100423,100424,100260,100261,100426,100427,100230,100428,100235,100429,100245,100430,100432,100234,100431,100241
P,100203,100213,100406,100189,100199,100405,100397,100218,100399,100220,100395,100396,100225,100222,100221
P,100340,100291,100359,100360,100286,100259,100424,100260,100261,100426,100427,100230,100428,100429,100245,100430,100432,100433,100438,100437
P,100245,100430,100432,100234,100431,100241,100247,100217,100204
P,100147,100145,100138,100142,100388,100141,100162,100165,100161,100163
P,100189,100199,100405,100198,100398,100181,100206,100178,100164,100163
P,100163,100160,100223,100224,100396,100395,100220,100399,100218,100397
P,100386,100069,100068,100126,100124,100146,100143,100142,100388,100141,100162,100165,100161,100163
P,100386,100069,100068,100126,100124,100146,100143,100142,100388,100141,100162,100165,100161,100163,100164,100178,100206,100181,100398,100198,100405,100199,100189
P,100261,100426,100420,100416,100275
P,100273,100412,100414,100268
P,100261,100426,100420,100419,100415,100268,100414
P,100407,100243,100233,100238,100239,100274,100272,100271,100277,100270,100600,100602,100601,100294,100299,100300,100357
P,100352,100318,100303,100305,100304,100358
P,100320,100348,100349,100353,100352,100318,100303,100305,100304,100358,100298,100297,100295,100293,100292,100283,100284,100285,100265,100421
R,100307,100348,100355,100319,100350,100349
P,100425,100264,100263,100229,100428,100235,100429,100245,100430,100432,100234
P,100215,100435,100434,100204
P,100209,100439,100440,100186,100437,100434,100204
P,100446,100445,100214,100442,100441,100191,100210,100182,100186
P,100131,100133,100365,100132
P,100163,100160,100223,100224,100396,100395,100220,100400,100194
P,100202,100248,100407,100243,100233,100238,100239,100274,100272
P,100153,100190,100183,100197,100436,100187,100209,100439,100440,100186,100437,100434,100204
P,100152,100172,100169,100168,100173,100446
P,100436,100171,100174,100175,100176,100170,100227,100228
R,100173,100214,100446,100445
P,100155,100200,100201,100215,100435
R,100155,100204,100200,100201,100215,100435,100434
P,100167,100129,100127,100128,100131,100133,100148,100366
P,100167,100129,100127,100128,100131,100133,100365,100132,100107
P,100112,100113,100104,100110,100369,100106,100105,100368
P,100133,100131,100128,100127,100129,100167,100130
P,100160,100223,100224,100396,100395,100220,100399,100218,100397,100405,100199
P,100164,100178,100206,100181,100398,100405,100199
P,100388,100141,100162,100165,100161,100163,100160,100223,100224,100396,100395,100220,100399,100218,100397,100405,100199
P,100388,100141,100162,100165,100161,100163,100164,100178,100206,100181,100398,100405,100199
P,100400,100194,100179,100205,100184,100216,100401
P,100119,100120,100117,100118,100122,100370,100144,100139,100137,100140,100166,100154,100155
P,100400,100194,100179,100205,100184,100216,100401,100402,100403,100203
P,100155,100200,100201,100215,100435,100434,100204
P,100132,100107,100367,100108,100135,100134,100136,100157,100158,100155
P,100448,100367,100108,100135,100134,100136,100157,100158,100155,100200,100201,100215,100435,100434,100204
R,100448,100132,100367,100107
R,100448,100130,100367,100107,100132,100365,100133,100131,100128,100127,100129,100167 
P,100401,100404,100253,100252,100280,100393,100394,100392,100290,100390,100289
P,100261,100426,100420,100419,100417,100418,100262
P,100262,100421,100423,100422
P,100176,100175,100174,100171,100436,100187,100209,100439,100440,100186,100437,100434,100204
P,100172,100169,100168,100173,100446,100445,100214,100442,100441,100191,100210,100182,100186,100437,100434,100204
P,100367,100107,100132,100365,100131,100128,100127,100129,100167
P,100132,100107,100367,100108,100135,100134,100136,100157,100158,100155,100200,100201,100215,100435
P,100335,100337,100336,100130,100167,100129,100127,100128,100131,100133,100365,100132,100107,100367
P,100156,100159,100211,100192,100212,100208,100435,100434,100204
P,100333,100343,100332,100331,100327,100326,100329,100330
P,100261,100426,100427,100230,100428,100235,100429,100245,100430,100432,100433,100438,100437,100434,100204
P,100341,100340,100291,100361,100358,100304,100305,100303,100318,100352,100353,100349
P,100259,100286,100360,100359,100361,100358,100304,100305,100303,100318,100352,100353,100349
P,100352,100353,100349,100348
P,100426,100261,100260,100424,100423,100422,100259,100286,100360,100359,100361,100358,100304,100305,100303,100318,100352,100353,100349,100348
P,100383,100288,100391,100290,100390,100289,100296,100389,100301,100356
P,100307,100357,100356,100301,100389
P,100262,100418,100417,100416,100275
P,100275,100427,100230,100428,100235,100429,100245,100430,100432,100234,100431,100241,100247,100217,100204
P,100427,100275,100416,100417,100418,100262,100421,100265,100285,100284,100283,100292
P,100301,100356,100357,100307,100355,100319,100350,100349,100348,100320
P,100401,100404,100253,100252,100280,100393,100287,100296,100389,100301,100356,100357,100307,100355,100319,100350,100349,100348,100320
P,100203,100403,100402,100404,100253,100252,100280,100393,100287
P,100447,100380,100381,100382,100037,100036,100033,100079,100077,100080,100082,100083,100378
P,100289,100296,100389,100301,100356,100357,100307,100355,100319,100350,100349,100348,100320
P,100301,100356,100317,100308,100310
P,100340,100291,100361,100358,100304,100305,100303,100318,100352,100353,100349,100348,100320
R,100340,100204,100291,100359,100360,100286,100259,100424,100260,100261,100426,100427,100230,100428,100235,100429,100245,100430,100432,100234,100431,100241,100247,100217
P,100288,100391,100290,100390,100289,100296,100389,100301,100356,100357,100307,100355,100319,100350,100349,100348,100320
R,100000,100040,100001
R,100000,100029,100028
R,100000,100040,100001
R,100001,100028,100000
R,100001,100002,100040
R,100002,100007,100005
R,100002,100001,100040
R,100003,100008,100004
R,100003,100007,100006
R,100004,100006,100003
R,100004,100009,100008
R,100005,100040,100002
R,100005,100006,100007
R,100006,100004,100003
R,100006,100005,100007
R,100007,100002,100005
R,100007,100003,100006
R,100008,100003,100004
R,100008,100010,100009
R,100009,100004,100008
R,100009,100011,100010
R,100009,100012,100010
R,100010,100008,100009
R,100011,100009,100010
R,100011,100012,100010
R,100012,100009,100010
R,100012,100011,100010
R,100013,100014,100015
R,100014,100013,100015
R,100014,100016,100017
R,100015,100017,100014
R,100016,100014,100017
R,100016,100019,100018
R,100017,100015,100014
R,100017,100018,100016
R,100018,100017,100016
R,100018,100020,100019
R,100019,100016,100018
R,100019,100021,100020
R,100020,100018,100019
R,100020,100022,100021
R,100021,100019,100020
R,100021,100023,100022
R,100022,100020,100021
R,100022,100024,100023
R,100023,100021,100022
R,100023,100027,100024
R,100024,100022,100023
R,100024,100031,100027
R,100024,100384,100027
R,100025,100384,100026
R,100025,100380,100030
R,100025,100381,100030
R,100026,100030,100025
R,100026,100027,100384
R,100027,100023,100024
R,100027,100034,100031
R,100027,100026,100384
R,100028,100001,100000
R,100028,100032,100029
R,100029,100000,100028
R,100029,100035,100032
R,100030,100026,100025
R,100030,100381,100380
R,100030,100447,100380
R,100030,100380,100381
R,100030,100382,100381
R,100031,100024,100027
R,100031,100384,100027
R,100031,100039,100034
R,100032,100028,100029
R,100032,100039,100035
R,100033,100037,100036
R,100033,100077,100079
R,100034,100027,100031
R,100034,100035,100039
R,100035,100029,100032
R,100035,100034,100039
R,100036,100079,100033
R,100036,100382,100037
R,100037,100033,100036
R,100037,100038,100382
R,100037,100381,100382
R,100038,100042,100041
R,100038,100037,100382
R,100038,100381,100382
R,100039,100031,100034
R,100039,100032,100035
R,100040,100000,100001
R,100040,100005,100002
R,100041,100382,100038
R,100041,100043,100042
R,100042,100038,100041
R,100042,100044,100043
R,100043,100041,100042
R,100043,100045,100044
R,100044,100042,100043
R,100044,100046,100045
R,100045,100043,100044
R,100045,100047,100046
R,100046,100044,100045
R,100046,100048,100047
R,100047,100045,100046
R,100047,100101,100048
R,100048,100046,100047
R,100048,100100,100101
R,100049,100051,100050
R,100049,100052,100053
R,100050,100053,100049
R,100051,100049,100050
R,100052,100049,100053
R,100052,100057,100055
R,100053,100050,100049
R,100053,100055,100052
R,100054,100059,100056
R,100055,100053,100052
R,100055,100060,100057
R,100056,100058,100059
R,100057,100052,100055
R,100057,100061,100060
R,100058,100056,100059
R,100058,100063,100062
R,100059,100054,100056
R,100059,100062,100058
R,100060,100055,100057
R,100060,100065,100061
R,100061,100057,100060
R,100061,100064,100065
R,100062,100059,100058
R,100062,100072,100063
R,100063,100058,100062
R,100063,100070,100072
R,100064,100061,100065
R,100064,100067,100066
R,100065,100060,100061
R,100065,100066,100064
R,100065,100385,100064
R,100066,100065,100064
R,100066,100385,100064
R,100066,100075,100067
R,100067,100064,100066
R,100067,100074,100075
R,100068,100386,100069
R,100068,100124,100126
R,100069,100126,100068
R,100069,100070,100386
R,100070,100073,100071
R,100070,100063,100072
R,100070,100069,100386
R,100071,100072,100070
R,100071,100386,100070
R,100071,100076,100073
R,100072,100062,100063
R,100072,100071,100070
R,100072,100386,100070
R,100073,100070,100071
R,100073,100074,100076
R,100074,100067,100075
R,100074,100073,100076
R,100075,100066,100067
R,100075,100076,100074
R,100076,100071,100073
R,100076,100075,100074
R,100077,100033,100079
R,100077,100082,100080
R,100078,100084,100081
R,100078,100383,100281
R,100079,100036,100033
R,100079,100080,100077
R,100080,100079,100077
R,100080,100083,100082
R,100081,100281,100078
R,100081,100086,100084
R,100081,100378,100084
R,100082,100077,100080
R,100082,100378,100083
R,100083,100080,100082
R,100083,100084,100378
R,100083,100089,100378
R,100084,100078,100081
R,100084,100087,100086
R,100084,100377,100086
R,100084,100083,100378
R,100084,100089,100378
R,100085,100324,100376
R,100085,100375,100376
R,100085,100086,100377
R,100086,100081,100084
R,100086,100378,100084
R,100086,100088,100087
R,100086,100085,100377
R,100087,100084,100086
R,100087,100377,100086
R,100087,100090,100088
R,100088,100086,100087
R,100088,100379,100090
R,100089,100083,100378
R,100089,100084,100378
R,100089,100090,100379
R,100089,100091,100379
R,100090,100087,100088
R,100090,100089,100379
R,100090,100091,100379
R,100091,100094,100093
R,100091,100089,100379
R,100091,100090,100379
R,100092,100093,100094
R,100092,100095,100097
R,100093,100379,100091
R,100093,100092,100094
R,100094,100097,100092
R,100094,100091,100093
R,100095,100098,100096
R,100095,100092,100097
R,100096,100097,100095
R,100096,100099,100098
R,100097,100094,100092
R,100097,100096,100095
R,100098,100095,100096
R,100098,101000,100099
R,100099,100096,100098
R,100099,100100,101000
R,100100,100048,100101
R,100100,100099,101000
R,100101,100047,100048
R,100101,101000,100100
R,100102,100116,100115
R,100103,100167,100130
R,100103,100337,100336
R,100104,100109,100110
R,100104,100369,100110
R,100104,100112,100113
R,100105,100369,100106
R,100105,100107,100368
R,100105,100448,100368
R,100106,100368,100105
R,100106,100110,100369
R,100107,100365,100132
R,100107,100108,100367
R,100107,100448,100367
R,100107,100105,100368
R,100107,100448,100368
R,100108,100134,100135
R,100108,100107,100367
R,100108,100448,100367
R,100109,100104,100110
R,100109,100369,100110
R,100110,100113,100104
R,100110,100111,100109
R,100110,100106,100369
R,100111,100110,100109
R,100112,100104,100113
R,100113,100110,100104
R,100114,100123,100121
R,100114,100139,100144
R,100114,100370,100144
R,100115,100123,100116
R,100116,100102,100115
R,100116,100121,100123
R,100117,100122,100118
R,100117,100119,100120
R,100118,100120,100117
R,100118,100370,100122
R,100119,100117,100120
R,100120,100118,100117
R,100121,100144,100114
R,100121,100116,100123
R,100122,100117,100118
R,100122,100144,100370
R,100123,100115,100116
R,100123,100114,100121
R,100124,100068,100126
R,100124,100143,100146
R,100124,100387,100146
R,100125,100146,100387
R,100126,100069,100068
R,100126,100146,100124
R,100127,100131,100128
R,100127,100167,100129
R,100128,100129,100127
R,100128,100133,100131
R,100129,100128,100127
R,100129,100130,100167
R,100129,100364,100167
R,100130,100336,100103
R,100130,100129,100167
R,100130,100364,100167
R,100131,100127,100128
R,100131,100148,100133
R,100131,100365,100133
R,100132,100367,100107
R,100132,100368,100107
R,100132,100133,100365
R,100133,100128,100131
R,100133,100150,100148
R,100133,100366,100148
R,100133,100132,100365
R,100134,100108,100135
R,100134,100157,100136
R,100135,100367,100108
R,100135,100136,100134
R,100136,100135,100134
R,100136,100158,100157
R,100137,100144,100139
R,100137,100166,100140
R,100138,100143,100142
R,100138,100388,100142
R,100138,100147,100145
R,100139,100140,100137
R,100139,100114,100144
R,100139,100370,100144
R,100140,100139,100137
R,100140,100154,100166
R,100141,100165,100162
R,100141,100142,100388
R,100142,100145,100138
R,100142,100146,100143
R,100142,100141,100388
R,100143,100138,100142
R,100143,100388,100142
R,100143,100124,100146
R,100143,100387,100146
R,100144,100121,100114
R,100144,100137,100139
R,100144,100122,100370
R,100145,100142,100138
R,100146,100126,100124
R,100146,100142,100143
R,100146,100125,100387
R,100147,100138,100145
R,100148,100131,100133
R,100148,100365,100133
R,100148,100149,100150
R,100148,100364,100366
R,100149,100148,100150
R,100149,100153,100151
R,100150,100133,100148
R,100150,100366,100148
R,100150,100151,100149
R,100151,100150,100149
R,100151,100190,100153
R,100152,100169,100172
R,100153,100149,100151
R,100153,100183,100190
R,100154,100158,100155
R,100154,100200,100155
R,100154,100140,100166
R,100155,100166,100154
R,100155,100157,100158
R,100155,100201,100200
R,100156,100211,100159
R,100157,100134,100136
R,100157,100155,100158
R,100158,100154,100155
R,100158,100200,100155
R,100158,100136,100157
R,100159,100192,100211
R,100160,100161,100163
R,100160,100164,100163
R,100160,100224,100223
R,100161,100160,100163
R,100161,100164,100163
R,100161,100162,100165
R,100162,100388,100141
R,100162,100161,100165
R,100163,100223,100160
R,100163,100165,100161
R,100163,100178,100164
R,100164,100160,100163
R,100164,100161,100163
R,100164,100206,100178
R,100165,100163,100161
R,100165,100141,100162
R,100166,100137,100140
R,100166,100155,100154
R,100167,100127,100129
R,100167,100103,100130
R,100167,100363,100364
R,100167,100366,100364
R,100168,100172,100169
R,100168,100446,100173
R,100169,100173,100168
R,100169,100152,100172
R,100170,100175,100176
R,100170,100228,100227
R,100171,100175,100174
R,100171,100187,100436
R,100171,100197,100436
R,100172,100168,100169
R,100173,100169,100168
R,100173,100195,100446
R,100173,100445,100446
R,100174,100436,100171
R,100174,100176,100175
R,100175,100171,100174
R,100175,100170,100176
R,100176,100227,100170
R,100176,100174,100175
R,100177,100218,100399
R,100177,100220,100399
R,100177,100194,100400
R,100177,100220,100400
R,100178,100163,100164
R,100178,100181,100206
R,100179,100400,100194
R,100179,100184,100205
R,100180,100195,100188
R,100180,100185,100193
R,100181,100178,100206
R,100181,100198,100398
R,100181,100397,100398
R,100182,100437,100186
R,100182,100440,100186
R,100182,100191,100210
R,100183,100153,100190
R,100183,100436,100197
R,100184,100179,100205
R,100184,100401,100216
R,100185,100180,100193
R,100185,100186,100440
R,100185,100439,100440
R,100186,100210,100182
R,100186,100434,100437
R,100186,100438,100437
R,100186,100185,100440
R,100186,100439,100440
R,100187,100439,100209
R,100187,100171,100436
R,100187,100197,100436
R,100188,100193,100180
R,100188,100446,100195
R,100189,100405,100199
R,100189,100207,100406
R,100189,100213,100406
R,100190,100151,100153
R,100190,100197,100183
R,100191,100182,100210
R,100191,100442,100441
R,100191,100444,100441
R,100192,100159,100211
R,100192,100208,100212
R,100193,100188,100180
R,100193,100440,100185
R,100194,100205,100179
R,100194,100177,100400
R,100194,100220,100400
R,100195,100180,100188
R,100195,100173,100446
R,100195,100445,100446
R,100196,100246,100242
R,100196,100442,100443
R,100196,100444,100443
R,100197,100190,100183
R,100197,100171,100436
R,100197,100187,100436
R,100198,100181,100398
R,100198,100397,100398
R,100198,100199,100405
R,100198,100397,100405
R,100199,100406,100189
R,100199,100198,100405
R,100199,100397,100405
R,100200,100154,100155
R,100200,100158,100155
R,100200,100215,100201
R,100201,100155,100200
R,100201,100435,100215
R,100202,100213,100203
R,100202,100403,100203
R,100202,100407,100248
R,100203,100248,100202
R,100203,100406,100213
R,100203,100232,100403
R,100203,100402,100403
R,100204,100247,100217
R,100204,100207,100219
R,100204,100435,100434
R,100204,100437,100434
R,100205,100194,100179
R,100205,100216,100184
R,100206,100164,100178
R,100206,100398,100181
R,100207,100204,100219
R,100207,100189,100406
R,100207,100213,100406
R,100208,100192,100212
R,100208,100215,100435
R,100208,100434,100435
R,100209,100436,100187
R,100209,100438,100439
R,100209,100440,100439
R,100210,100186,100182
R,100210,100441,100191
R,100211,100156,100159
R,100211,100212,100192
R,100212,100211,100192
R,100212,100435,100208
R,100213,100202,100203
R,100213,100403,100203
R,100213,100189,100406
R,100213,100207,100406
R,100214,100441,100442
R,100214,100443,100442
R,100214,100444,100445
R,100214,100446,100445
R,100215,100200,100201
R,100215,100208,100435
R,100215,100434,100435
R,100216,100205,100184
R,100216,100402,100401
R,100216,100404,100401
R,100217,100219,100204
R,100217,100434,100204
R,100217,100241,100247
R,100218,100398,100397
R,100218,100405,100397
R,100218,100177,100399
R,100218,100220,100399
R,100219,100217,100204
R,100219,100434,100204
R,100219,100406,100207
R,100220,100396,100395
R,100220,100177,100399
R,100220,100218,100399
R,100220,100177,100400
R,100220,100194,100400
R,100221,100225,100222
R,100222,100396,100225
R,100223,100163,100160
R,100223,100396,100224
R,100224,100160,100223
R,100224,100225,100396
R,100224,100395,100396
R,100225,100221,100222
R,100225,100224,100396
R,100225,100395,100396
R,100226,100254,100255
R,100226,100364,100363
R,100227,100176,100170
R,100228,100170,100227
R,100229,100264,100263
R,100229,100230,100428
R,100229,100235,100428
R,100230,100275,100427
R,100230,100426,100427
R,100230,100229,100428
R,100230,100235,100428
R,100231,100409,100267
R,100231,100232,100408
R,100231,100249,100408
R,100232,100203,100403
R,100232,100402,100403
R,100232,100231,100408
R,100232,100249,100408
R,100233,100239,100238
R,100233,100407,100243
R,100234,100241,100431
R,100234,100433,100431
R,100234,100430,100432
R,100234,100433,100432
R,100235,100229,100428
R,100235,100230,100428
R,100235,100237,100429
R,100235,100245,100429
R,100236,100430,100244
R,100236,100276,100250
R,100237,100242,100246
R,100237,100235,100429
R,100237,100245,100429
R,100238,100243,100233
R,100238,100274,100239
R,100239,100233,100238
R,100239,100272,100274
R,100240,100249,100251
R,100240,100243,100407
R,100240,100248,100407
R,100241,100217,100247
R,100241,100234,100431
R,100241,100433,100431
R,100242,100443,100196
R,100242,100237,100246
R,100243,100238,100233
R,100243,100240,100407
R,100243,100248,100407
R,100244,100250,100236
R,100244,100245,100430
R,100244,100432,100430
R,100245,100235,100429
R,100245,100237,100429
R,100245,100244,100430
R,100245,100432,100430
R,100246,100429,100237
R,100246,100196,100242
R,100247,100204,100217
R,100247,100431,100241
R,100248,100203,100202
R,100248,100240,100407
R,100248,100243,100407
R,100249,100240,100251
R,100249,100231,100408
R,100249,100232,100408
R,100250,100244,100236
R,100250,100269,100276
R,100251,100407,100240
R,100251,100408,100249
R,100252,100404,100253
R,100252,100393,100280
R,100253,100280,100252
R,100253,100401,100404
R,100253,100402,100404
R,100254,100226,100255
R,100254,100339,100338
R,100255,100363,100226
R,100255,100338,100254
R,100256,100257,100258
R,100256,100264,100425
R,100256,100266,100425
R,100257,100256,100258
R,100258,100425,100256
R,100259,100360,100286
R,100259,100423,100422
R,100259,100260,100424
R,100259,100423,100424
R,100260,100266,100261
R,100260,100426,100261
R,100260,100259,100424
R,100260,100423,100424
R,100261,100424,100260
R,100261,100425,100266
R,100261,100420,100426
R,100261,100427,100426
R,100262,100415,100418
R,100262,100417,100418
R,100262,100265,100421
R,100262,100423,100421
R,100263,100428,100229
R,100263,100425,100264
R,100264,100229,100263
R,100264,100256,100425
R,100264,100266,100425
R,100265,100284,100285
R,100265,100262,100421
R,100265,100423,100421
R,100266,100260,100261
R,100266,100426,100261
R,100266,100256,100425
R,100266,100264,100425
R,100267,100408,100231
R,100267,100410,100409
R,100267,100411,100409
R,100268,100412,100414
R,100268,100413,100414
R,100268,100418,100415
R,100268,100419,100415
R,100269,100250,100276
R,100269,100412,100413
R,100269,100414,100413
R,100270,100271,100277
R,100270,100602,100600
R,100271,100274,100272
R,100271,100270,100277
R,100272,100277,100271
R,100272,100239,100274
R,100273,100409,100411
R,100273,100410,100411
R,100273,100413,100412
R,100273,100414,100412
R,100274,100238,100239
R,100274,100271,100272
R,100275,100417,100416
R,100275,100420,100416
R,100275,100230,100427
R,100275,100426,100427
R,100276,100236,100250
R,100276,100413,100269
R,100277,100600,100270
R,100277,100272,100271
R,100278,100394,100279
R,100278,100409,100410
R,100278,100411,100410
R,100279,100410,100278
R,100279,100392,100394
R,100279,100393,100394
R,100280,100253,100252
R,100280,100287,100393
R,100280,100394,100393
R,100281,100081,100078
R,100281,100288,100383
R,100281,100500,100383
R,100282,100286,100360
R,100282,100359,100360
R,100283,100285,100284
R,100283,100293,100292
R,100284,100292,100283
R,100284,100265,100285
R,100285,100421,100265
R,100285,100283,100284
R,100286,100422,100259
R,100286,100424,100259
R,100286,100282,100360
R,100286,100359,100360
R,100287,100289,100296
R,100287,100389,100296
R,100287,100280,100393
R,100287,100394,100393
R,100288,100281,100383
R,100288,100500,100383
R,100288,100290,100391
R,100288,100392,100391
R,100289,100287,100296
R,100289,100389,100296
R,100289,100290,100390
R,100290,100289,100390
R,100290,100288,100391
R,100290,100392,100391
R,100290,100391,100392
R,100290,100394,100392
R,100291,100341,100340
R,100291,100360,100359
R,100291,100361,100359
R,100291,100358,100361
R,100291,100359,100361
R,100292,100284,100283
R,100292,100295,100293
R,100293,100283,100292
R,100293,100297,100295
R,100294,100300,100299
R,100294,100602,100601
R,100295,100292,100293
R,100295,100298,100297
R,100296,100393,100287
R,100296,100390,100289
R,100296,100301,100389
R,100297,100293,100295
R,100297,100358,100298
R,100298,100295,100297
R,100298,100304,100358
R,100298,100361,100358
R,100299,100601,100294
R,100299,100357,100300
R,100300,100294,100299
R,100300,100307,100357
R,100300,100356,100357
R,100301,100317,100356
R,100301,100357,100356
R,100301,100296,100389
R,100302,100373,100309
R,100302,100316,100312
R,100303,100304,100305
R,100303,100352,100318
R,100304,100303,100305
R,100304,100298,100358
R,100304,100361,100358
R,100305,100318,100303
R,100305,100358,100304
R,100306,100307,100355
R,100306,100319,100355
R,100306,100317,100800
R,100307,100306,100355
R,100307,100319,100355
R,100307,100300,100357
R,100307,100356,100357
R,100308,100371,100310
R,100308,100356,100317
R,100308,100800,100317
R,100309,100312,100302
R,100309,100311,100373
R,100309,100372,100373
R,100310,100317,100308
R,100310,100372,100371
R,100311,100314,100313
R,100311,100371,100372
R,100311,100373,100372
R,100311,100309,100373
R,100311,100372,100373
R,100312,100309,100302
R,100312,100315,100316
R,100313,100372,100311
R,100313,100373,100311
R,100313,100322,100314
R,100314,100311,100313
R,100314,100321,100322
R,100315,100312,100316
R,100315,100374,100325
R,100316,100302,100312
R,100316,100325,100315
R,100317,100310,100308
R,100317,100301,100356
R,100317,100357,100356
R,100317,100306,100800
R,100318,100305,100303
R,100318,100353,100352
R,100319,100349,100350
R,100319,100351,100350
R,100319,100350,100351
R,100319,100354,100351
R,100319,100306,100355
R,100319,100307,100355
R,100320,100329,100330
R,100320,100347,100330
R,100320,100349,100348
R,100321,100314,100322
R,100321,100324,100323
R,100322,100313,100314
R,100322,100323,100321
R,100323,100322,100321
R,100323,100375,100324
R,100323,100376,100324
R,100324,100321,100323
R,100324,100374,100375
R,100324,100376,100375
R,100324,100085,100376
R,100324,100375,100376
R,100325,100316,100315
R,100325,100375,100374
R,100326,100331,100327
R,100326,100330,100329
R,100327,100329,100326
R,100327,100332,100331
R,100328,100344,100345
R,100328,100346,100345
R,100328,100345,100346
R,100328,100347,100346
R,100328,100351,100354
R,100328,100353,100354
R,100329,100327,100326
R,100329,100320,100330
R,100329,100347,100330
R,100330,100348,100320
R,100330,100326,100329
R,100330,100346,100347
R,100331,100326,100327
R,100331,100343,100332
R,100332,100327,100331
R,100332,100333,100343
R,100332,100342,100343
R,100333,100332,100343
R,100333,100342,100343
R,100334,100343,100342
R,100335,100336,100337
R,100336,100130,100103
R,100336,100335,100337
R,100337,100103,100336
R,100338,100255,100254
R,100338,100362,100339
R,100339,100254,100338
R,100339,100341,100362
R,100340,100359,100291
R,100340,100361,100291
R,100340,100362,100341
R,100341,100291,100340
R,100341,100339,100362
R,100342,100332,100343
R,100342,100333,100343
R,100343,100331,100332
R,100343,100334,100342
R,100344,100328,100345
R,100344,100346,100345
R,100345,100346,100328
R,100345,100354,100328
R,100345,100328,100346
R,100345,100347,100346
R,100346,100345,100328
R,100346,100354,100328
R,100346,100328,100345
R,100346,100344,100345
R,100346,100330,100347
R,100347,100320,100330
R,100347,100329,100330
R,100347,100328,100346
R,100347,100345,100346
R,100348,100330,100320
R,100348,100350,100349
R,100348,100353,100349
R,100349,100320,100348
R,100349,100319,100350
R,100349,100351,100350
R,100349,100352,100353
R,100349,100354,100353
R,100350,100351,100319
R,100350,100355,100319
R,100350,100348,100349
R,100350,100353,100349
R,100350,100319,100351
R,100350,100354,100351
R,100351,100350,100319
R,100351,100355,100319
R,100351,100319,100350
R,100351,100349,100350
R,100351,100328,100354
R,100351,100353,100354
R,100352,100303,100318
R,100352,100349,100353
R,100352,100354,100353
R,100353,100348,100349
R,100353,100350,100349
R,100353,100318,100352
R,100353,100328,100354
R,100353,100351,100354
R,100354,100345,100328
R,100354,100346,100328
R,100354,100319,100351
R,100354,100350,100351
R,100354,100349,100353
R,100354,100352,100353
R,100355,100800,100306
R,100355,100357,100307
R,100355,100350,100319
R,100355,100351,100319
R,100356,100389,100301
R,100356,100308,100317
R,100356,100800,100317
R,100356,100300,100357
R,100356,100307,100357
R,100357,100299,100300
R,100357,100355,100307
R,100357,100301,100356
R,100357,100317,100356
R,100358,100297,100298
R,100358,100305,100304
R,100358,100291,100361
R,100358,100359,100361
R,100359,100340,100291
R,100359,100361,100291
R,100359,100282,100360
R,100359,100286,100360
R,100359,100291,100361
R,100359,100358,100361
R,100360,100259,100286
R,100360,100291,100359
R,100360,100361,100359
R,100361,100340,100291
R,100361,100359,100291
R,100361,100298,100358
R,100361,100304,100358
R,100361,100291,100359
R,100361,100360,100359
R,100362,100338,100339
R,100362,100340,100341
R,100363,100255,100226
R,100363,100167,100364
R,100363,100366,100364
R,100364,100129,100167
R,100364,100130,100167
R,100364,100226,100363
R,100364,100148,100366
R,100365,100107,100132
R,100365,100131,100133
R,100365,100148,100133
R,100366,100133,100148
R,100366,100150,100148
R,100366,100167,100364
R,100366,100363,100364
R,100367,100132,100107
R,100367,100368,100107
R,100367,100135,100108
R,100367,100368,100448
R,100368,100106,100105
R,100368,100132,100107
R,100368,100367,100107
R,100368,100367,100448
R,100369,100105,100106
R,100369,100104,100110
R,100369,100109,100110
R,100370,100118,100122
R,100370,100114,100144
R,100370,100139,100144
R,100371,100308,100310
R,100371,100311,100372
R,100371,100373,100372
R,100372,100313,100311
R,100372,100373,100311
R,100372,100310,100371
R,100372,100309,100373
R,100372,100311,100373
R,100373,100302,100309
R,100373,100313,100311
R,100373,100372,100311
R,100373,100311,100372
R,100373,100371,100372
R,100374,100315,100325
R,100374,100324,100375
R,100374,100376,100375
R,100375,100323,100324
R,100375,100376,100324
R,100375,100325,100374
R,100375,100085,100376
R,100375,100324,100376
R,100376,100377,100085
R,100376,100323,100324
R,100376,100375,100324
R,100376,100324,100375
R,100376,100374,100375
R,100377,100376,100085
R,100377,100084,100086
R,100377,100087,100086
R,100378,100082,100083
R,100378,100081,100084
R,100378,100086,100084
R,100378,100379,100089
R,100379,100378,100089
R,100379,100088,100090
R,100379,100093,100091
R,100380,100025,100030
R,100380,100381,100030
R,100380,100030,100381
R,100380,100382,100381
R,100381,100025,100030
R,100381,100380,100030
R,100381,100030,100380
R,100381,100447,100380
R,100381,100037,100382
R,100381,100038,100382
R,100382,100036,100037
R,100382,100041,100038
R,100382,100030,100381
R,100382,100380,100381
R,100383,100078,100281
R,100383,100391,100288
R,100384,100025,100026
R,100384,100024,100027
R,100384,100031,100027
R,100385,100065,100064
R,100385,100066,100064
R,100386,100068,100069
R,100386,100071,100070
R,100386,100072,100070
R,100387,100124,100146
R,100387,100143,100146
R,100388,100162,100141
R,100388,100138,100142
R,100388,100143,100142
R,100389,100287,100296
R,100389,100289,100296
R,100389,100356,100301
R,100390,100296,100289
R,100390,100391,100290
R,100390,100392,100290
R,100391,100383,100288
R,100391,100390,100290
R,100391,100392,100290
R,100391,100290,100392
R,100391,100394,100392
R,100392,100390,100290
R,100392,100391,100290
R,100392,100288,100391
R,100392,100290,100391
R,100392,100279,100394
R,100392,100393,100394
R,100393,100252,100280
R,100393,100296,100287
R,100393,100279,100394
R,100393,100392,100394
R,100394,100278,100279
R,100394,100290,100392
R,100394,100391,100392
R,100394,100280,100393
R,100394,100287,100393
R,100395,100399,100220
R,100395,100400,100220
R,100395,100224,100396
R,100395,100225,100396
R,100396,100223,100224
R,100396,100222,100225
R,100396,100220,100395
R,100397,100399,100218
R,100397,100181,100398
R,100397,100198,100398
R,100397,100198,100405
R,100397,100199,100405
R,100398,100206,100181
R,100398,100405,100198
R,100398,100218,100397
R,100398,100405,100397
R,100399,100400,100177
R,100399,100397,100218
R,100399,100395,100220
R,100399,100400,100220
R,100400,100399,100177
R,100400,100179,100194
R,100400,100395,100220
R,100400,100399,100220
R,100401,100184,100216
R,100401,100403,100402
R,100401,100404,100402
R,100401,100253,100404
R,100401,100402,100404
R,100402,100216,100401
R,100402,100404,100401
R,100402,100203,100403
R,100402,100232,100403
R,100402,100253,100404
R,100402,100401,100404
R,100403,100202,100203
R,100403,100213,100203
R,100403,100408,100232
R,100403,100401,100402
R,100403,100404,100402
R,100404,100252,100253
R,100404,100216,100401
R,100404,100402,100401
R,100404,100401,100402
R,100404,100403,100402
R,100405,100398,100198
R,100405,100189,100199
R,100405,100218,100397
R,100405,100398,100397
R,100406,100199,100189
R,100406,100219,100207
R,100406,100203,100213
R,100407,100251,100240
R,100407,100233,100243
R,100407,100202,100248
R,100408,100267,100231
R,100408,100403,100232
R,100408,100251,100249
R,100409,100231,100267
R,100409,100278,100410
R,100409,100411,100410
R,100409,100273,100411
R,100409,100410,100411
R,100410,100279,100278
R,100410,100267,100409
R,100410,100411,100409
R,100410,100273,100411
R,100410,100409,100411
R,100411,100412,100273
R,100411,100267,100409
R,100411,100410,100409
R,100411,100278,100410
R,100411,100409,100410
R,100412,100411,100273
R,100412,100269,100413
R,100412,100414,100413
R,100412,100268,100414
R,100412,100413,100414
R,100413,100276,100269
R,100413,100273,100412
R,100413,100414,100412
R,100413,100268,100414
R,100413,100412,100414
R,100414,100415,100268
R,100414,100273,100412
R,100414,100413,100412
R,100414,100269,100413
R,100414,100412,100413
R,100415,100414,100268
R,100415,100262,100418
R,100415,100417,100418
R,100415,100417,100419
R,100415,100420,100419
R,100416,100427,100275
R,100416,100418,100417
R,100416,100419,100417
R,100416,100419,100420
R,100416,100426,100420
R,100417,100275,100416
R,100417,100420,100416
R,100417,100262,100418
R,100417,100415,100418
R,100417,100415,100419
R,100417,100420,100419
R,100418,100421,100262
R,100418,100268,100415
R,100418,100419,100415
R,100418,100416,100417
R,100418,100419,100417
R,100419,100268,100415
R,100419,100418,100415
R,100419,100416,100417
R,100419,100418,100417
R,100419,100416,100420
R,100419,100426,100420
R,100420,100275,100416
R,100420,100417,100416
R,100420,100415,100419
R,100420,100417,100419
R,100420,100261,100426
R,100420,100427,100426
R,100421,100418,100262
R,100421,100285,100265
R,100421,100422,100423
R,100421,100424,100423
R,100422,100286,100259
R,100422,100424,100259
R,100422,100421,100423
R,100422,100424,100423
R,100423,100262,100421
R,100423,100265,100421
R,100423,100259,100422
R,100423,100259,100424
R,100423,100260,100424
R,100424,100286,100259
R,100424,100422,100259
R,100424,100261,100260
R,100424,100421,100423
R,100424,100422,100423
R,100425,100258,100256
R,100425,100263,100264
R,100425,100261,100266
R,100426,100260,100261
R,100426,100266,100261
R,100426,100416,100420
R,100426,100419,100420
R,100426,100230,100427
R,100426,100275,100427
R,100427,100428,100230
R,100427,100416,100275
R,100427,100261,100426
R,100427,100420,100426
R,100428,100263,100229
R,100428,100427,100230
R,100428,100429,100235
R,100429,100428,100235
R,100429,100246,100237
R,100429,100430,100245
R,100430,100236,100244
R,100430,100429,100245
R,100430,100234,100432
R,100430,100433,100432
R,100431,100432,100234
R,100431,100247,100241
R,100431,100432,100433
R,100431,100438,100433
R,100432,100431,100234
R,100432,100244,100430
R,100432,100245,100430
R,100432,100431,100433
R,100432,100438,100433
R,100433,100234,100431
R,100433,100241,100431
R,100433,100234,100432
R,100433,100430,100432
R,100433,100437,100438
R,100433,100439,100438
R,100434,100217,100204
R,100434,100219,100204
R,100434,100208,100435
R,100434,100215,100435
R,100434,100186,100437
R,100434,100438,100437
R,100435,100212,100208
R,100435,100201,100215
R,100435,100204,100434
R,100435,100437,100434
R,100436,100174,100171
R,100436,100209,100187
R,100436,100183,100197
R,100437,100182,100186
R,100437,100440,100186
R,100437,100204,100434
R,100437,100435,100434
R,100437,100433,100438
R,100437,100439,100438
R,100438,100431,100433
R,100438,100432,100433
R,100438,100186,100437
R,100438,100434,100437
R,100438,100209,100439
R,100438,100440,100439
R,100439,100187,100209
R,100439,100433,100438
R,100439,100437,100438
R,100439,100185,100440
R,100439,100186,100440
R,100440,100193,100185
R,100440,100182,100186
R,100440,100437,100186
R,100440,100209,100439
R,100440,100438,100439
R,100441,100210,100191
R,100441,100214,100442
R,100441,100443,100442
R,100441,100443,100444
R,100441,100445,100444
R,100442,100445,100214
R,100442,100191,100441
R,100442,100444,100441
R,100442,100196,100443
R,100442,100444,100443
R,100443,100242,100196
R,100443,100214,100442
R,100443,100441,100442
R,100443,100441,100444
R,100443,100445,100444
R,100444,100191,100441
R,100444,100442,100441
R,100444,100196,100443
R,100444,100442,100443
R,100444,100214,100445
R,100444,100446,100445
R,100445,100442,100214
R,100445,100441,100444
R,100445,100443,100444
